========== SYSTEM PERFORMANCE BASELINE ==========
Timestamp: Fri Apr 17 06:59:57 PM IST 2026

[1] SYSTEM LOAD & PROCESSES
 18:59:57 up 2 days,  8:07,  1 user,  load average: 1.51, 0.85, 0.60
Total Active Processes: 353

[2] TOP 5 RESOURCE CONSUMERS
    PID USER     CMD                         %CPU %MEM
   4090 vibhavk+ /opt/google/chrome/chrome -  4.8  4.8
   2858 vibhavk+ /usr/bin/gnome-shell         1.0  2.5
   1430 mysql    /usr/sbin/mysqld             1.0  2.5
   2157 mongodb  /usr/bin/mongod --config /e  0.9  1.2
   3606 vibhavk+ /opt/google/chrome/chrome -  0.6  1.6

[3] 60-SECOND TELEMETRY (CPU & MEMORY)
Analyzing 12 samples...
-> CPU Average Usage : 7%
-> CPU Peak Usage    : 11%
-> Mem Average Free  : 1407 MB
-> Mem Average Swap  : 0 MB

[4] HARD DRIVE LATENCY (iostat)
avg-cpu:  %user   %nice %system %iowait  %steal   %idle
           0.89    0.00    0.32    0.01    0.00   98.78

Device            r/s     rkB/s   rrqm/s  %rrqm r_await rareq-sz     w/s     wkB/s   wrqm/s  %wrqm w_await wareq-sz     d/s     dkB/s   drqm/s  %drqm d_await dareq-sz     f/s f_await  aqu-sz  %util
loop0            0.00      0.00     0.00   0.00    0.00     1.21    0.00      0.00     0.00   0.00    0.00     0.00    0.00      0.00     0.00   0.00    0.00     0.00    0.00    0.00    0.00   0.00
loop1            0.00      0.00     0.00   0.00    0.12     8.07    0.00      0.00     0.00   0.00    0.00     0.00    0.00      0.00     0.00   0.00    0.00     0.00    0.00    0.00    0.00   0.00
loop10           0.00      0.07     0.00   0.00    0.10    19.15    0.00      0.00     0.00   0.00    0.00     0.00    0.00      0.00     0.00   0.00    0.00     0.00    0.00    0.00    0.00   0.00
loop11           0.00      0.03     0.00   0.00    0.12    32.18    0.00      0.00     0.00   0.00    0.00     0.00    0.00      0.00     0.00   0.00    0.00     0.00    0.00    0.00    0.00   0.00
loop12           0.00      0.01     0.00   0.00    0.21    20.45    0.00      0.00     0.00   0.00    0.00     0.00    0.00      0.00     0.00   0.00    0.00     0.00    0.00    0.00    0.00   0.00
loop13           0.01      0.03     0.00   0.00    0.02     3.13    0.00      0.00     0.00   0.00    0.00     0.00    0.00      0.00     0.00   0.00    0.00     0.00    0.00    0.00    0.00   0.00
loop14           0.00      0.01     0.00   0.00    0.19    18.54    0.00      0.00     0.00   0.00    0.00     0.00    0.00      0.00     0.00   0.00    0.00     0.00    0.00    0.00    0.00   0.00
loop15           0.01      0.11     0.00   0.00    0.05    14.99    0.00      0.00     0.00   0.00    0.00     0.00    0.00      0.00     0.00   0.00    0.00     0.00    0.00    0.00    0.00   0.00
loop16           0.00      0.01     0.00   0.00    0.14    21.54    0.00      0.00     0.00   0.00    0.00     0.00    0.00      0.00     0.00   0.00    0.00     0.00    0.00    0.00    0.00   0.00
loop17           0.00      0.01     0.00   0.00    0.23    16.25    0.00      0.00     0.00   0.00    0.00     0.00    0.00      0.00     0.00   0.00    0.00     0.00    0.00    0.00    0.00   0.00
loop18           0.00      0.00     0.00   0.00    0.15     8.06    0.00      0.00     0.00   0.00    0.00     0.00    0.00      0.00     0.00   0.00    0.00     0.00    0.00    0.00    0.00   0.00
loop19           0.00      0.00     0.00   0.00    0.16     8.07    0.00      0.00     0.00   0.00    0.00     0.00    0.00      0.00     0.00   0.00    0.00     0.00    0.00    0.00    0.00   0.00
loop2            0.00      0.00     0.00   0.00    0.15     7.48    0.00      0.00     0.00   0.00    0.00     0.00    0.00      0.00     0.00   0.00    0.00     0.00    0.00    0.00    0.00   0.00
loop20           0.00      0.17     0.00   0.00    0.10    35.73    0.00      0.00     0.00   0.00    0.00     0.00    0.00      0.00     0.00   0.00    0.00     0.00    0.00    0.00    0.00   0.00
loop21           0.00      0.00     0.00   0.00    0.05     2.81    0.00      0.00     0.00   0.00    0.00     0.00    0.00      0.00     0.00   0.00    0.00     0.00    0.00    0.00    0.00   0.00
loop22           0.00      0.00     0.00   0.00    0.13     7.76    0.00      0.00     0.00   0.00    0.00     0.00    0.00      0.00     0.00   0.00    0.00     0.00    0.00    0.00    0.00   0.00
loop23           0.00      0.00     0.00   0.00    0.03     8.95    0.00      0.00     0.00   0.00    0.00     0.00    0.00      0.00     0.00   0.00    0.00     0.00    0.00    0.00    0.00   0.00
loop24           0.01      0.34     0.00   0.00    0.13    43.34    0.00      0.00     0.00   0.00    0.00     0.00    0.00      0.00     0.00   0.00    0.00     0.00    0.00    0.00    0.00   0.00
loop25           0.00      0.01     0.00   0.00    0.29    19.09    0.00      0.00     0.00   0.00    0.00     0.00    0.00      0.00     0.00   0.00    0.00     0.00    0.00    0.00    0.00   0.00
loop26           0.00      0.00     0.00   0.00    0.00     1.27    0.00      0.00     0.00   0.00    0.00     0.00    0.00      0.00     0.00   0.00    0.00     0.00    0.00    0.00    0.00   0.00
loop3            0.00      0.01     0.00   0.00    0.31    19.71    0.00      0.00     0.00   0.00    0.00     0.00    0.00      0.00     0.00   0.00    0.00     0.00    0.00    0.00    0.00   0.00
loop4            0.00      0.03     0.00   0.00    0.09    13.74    0.00      0.00     0.00   0.00    0.00     0.00    0.00      0.00     0.00   0.00    0.00     0.00    0.00    0.00    0.00   0.00
loop5            0.00      0.01     0.00   0.00    0.32    19.20    0.00      0.00     0.00   0.00    0.00     0.00    0.00      0.00     0.00   0.00    0.00     0.00    0.00    0.00    0.00   0.00
loop6            0.00      0.03     0.00   0.00    0.07    12.70    0.00      0.00     0.00   0.00    0.00     0.00    0.00      0.00     0.00   0.00    0.00     0.00    0.00    0.00    0.00   0.00
loop7            0.00      0.01     0.00   0.00    0.24    19.45    0.00      0.00     0.00   0.00    0.00     0.00    0.00      0.00     0.00   0.00    0.00     0.00    0.00    0.00    0.00   0.00
loop8            0.00      0.01     0.00   0.00    0.22    19.02    0.00      0.00     0.00   0.00    0.00     0.00    0.00      0.00     0.00   0.00    0.00     0.00    0.00    0.00    0.00   0.00
loop9            0.00      0.00     0.00   0.00    0.16     8.09    0.00      0.00     0.00   0.00    0.00     0.00    0.00      0.00     0.00   0.00    0.00     0.00    0.00    0.00    0.00   0.00
nvme0n1          1.35     65.69     0.35  20.69    0.51    48.83    5.12    198.05     4.06  44.19    1.28    38.64    0.00      0.00     0.00   0.00    0.00     0.00    0.58    0.59    0.01   0.22



[5] NETWORK THROUGHPUT
=================================================
